,Serial No.,GRE Score,TOEFL Score,University Rating,SOP,LOR,CGPA,Research,Chance of Admit
0,1,337,118,4,4.5,4.5,9.65,1,0.92
1,2,316,104,3,3.0,3.5,8.0,1,0.72
2,3,322,110,3,3.5,2.5,8.67,1,0.8
3,4,314,103,2,2.0,3.0,8.21,0,0.65
4,5,330,115,5,4.5,3.0,9.34,1,0.9
5,6,321,109,3,3.0,4.0,8.2,1,0.75
6,7,308,101,2,3.0,4.0,7.9,0,0.68
7,8,302,102,1,2.0,1.5,8.0,0,0.5
8,9,323,108,3,3.5,3.0,8.6,0,0.45
9,10,327,111,4,4.0,4.5,9.0,1,0.84
10,11,328,112,4,4.0,4.5,9.1,1,0.78
11,12,307,109,3,4.0,3.0,8.0,1,0.62
12,13,311,104,3,3.5,2.0,8.2,1,0.61
13,14,314,105,3,3.5,2.5,8.3,0,0.54
14,15,317,107,3,4.0,3.0,8.7,0,0.66
15,16,319,106,3,4.0,3.0,8.0,1,0.65
16,17,318,110,3,4.0,3.0,8.8,0,0.63
17,18,303,102,3,3.5,3.0,8.5,0,0.62
18,19,325,114,4,3.0,2.0,8.4,0,0.7
19,20,328,116,5,5.0,5.0,9.5,1,0.94
20,21,334,119,5,5.0,4.5,9.7,1,0.95
21,22,336,119,5,4.0,3.5,9.8,1,0.97
22,23,322,109,5,4.5,3.5,8.8,0,0.76
23,24,298,98,2,1.5,2.5,7.5,1,0.44
24,25,295,93,1,2.0,2.0,7.2,0,0.46
25,26,310,99,2,1.5,2.0,7.3,0,0.54
26,27,300,97,2,3.0,3.0,8.1,1,0.65
27,28,327,103,3,4.0,4.0,8.3,1,0.74
28,29,338,118,4,3.0,4.5,9.4,1,0.91
29,30,340,114,5,4.0,4.0,9.6,1,0.9
30,31,331,112,5,4.0,5.0,9.8,1,0.94
31,32,320,110,5,5.0,5.0,9.2,1,0.88
32,33,299,106,2,4.0,4.0,8.4,0,0.64
33,34,300,105,1,1.0,2.0,7.8,0,0.58
34,35,304,105,1,3.0,1.5,7.5,0,0.52
35,36,307,108,2,4.0,3.5,7.7,0,0.48
36,37,308,110,3,3.5,3.0,8.0,1,0.46
37,38,316,105,2,2.5,2.5,8.2,1,0.49
38,39,313,107,2,2.5,2.0,8.5,1,0.53
39,40,332,117,4,4.5,4.0,9.1,0,0.87
40,41,326,113,5,4.5,4.0,9.4,1,0.91
41,42,322,110,5,5.0,4.0,9.1,1,0.88
42,43,329,114,5,4.0,5.0,9.3,1,0.86
43,44,339,119,5,4.5,4.0,9.7,0,0.89
44,45,321,110,3,3.5,5.0,8.85,1,0.82
45,46,327,111,4,3.0,4.0,8.4,1,0.78
46,47,313,98,3,2.5,4.5,8.3,1,0.76
47,48,312,100,2,1.5,3.5,7.9,1,0.56
48,49,334,116,4,4.0,3.0,8.0,1,0.78
49,50,324,112,4,4.0,2.5,8.1,1,0.72
50,51,322,110,3,3.0,3.5,8.0,0,0.7
51,52,320,103,3,3.0,3.0,7.7,0,0.64
52,53,316,102,3,2.0,3.0,7.4,0,0.64
53,54,298,99,2,4.0,2.0,7.6,0,0.46
54,55,300,99,1,3.0,2.0,6.8,1,0.36
55,56,311,104,2,2.0,2.0,8.3,0,0.42
56,57,309,100,2,3.0,3.0,8.1,0,0.48
57,58,307,101,3,4.0,3.0,8.2,0,0.47
58,59,304,105,2,3.0,3.0,8.2,1,0.54
59,60,315,107,2,4.0,3.0,8.5,1,0.56
60,61,325,111,3,3.0,3.5,8.7,0,0.52
61,62,325,112,4,3.5,3.5,8.92,0,0.55
62,63,327,114,3,3.0,3.0,9.02,0,0.61
63,64,316,107,2,3.5,3.5,8.64,1,0.57
64,65,318,109,3,3.5,4.0,9.22,1,0.68
65,66,328,115,4,4.5,4.0,9.16,1,0.78
66,67,332,118,5,5.0,5.0,9.64,1,0.94
67,68,336,112,5,5.0,5.0,9.76,1,0.96
68,69,321,111,5,5.0,5.0,9.45,1,0.93
69,70,314,108,4,4.5,4.0,9.04,1,0.84
70,71,314,106,3,3.0,5.0,8.9,0,0.74
71,72,329,114,2,2.0,4.0,8.56,1,0.72
72,73,327,112,3,3.0,3.0,8.72,1,0.74
73,74,301,99,2,3.0,2.0,8.22,0,0.64
74,75,296,95,2,3.0,2.0,7.54,1,0.44
75,76,294,93,1,1.5,2.0,7.36,0,0.46
76,77,312,105,3,2.0,3.0,8.02,1,0.5
77,78,340,120,4,5.0,5.0,9.5,1,0.96
78,79,320,110,5,5.0,4.5,9.22,1,0.92
79,80,322,115,5,4.0,4.5,9.36,1,0.92
80,81,340,115,5,4.5,4.5,9.45,1,0.94
81,82,319,103,4,4.5,3.5,8.66,0,0.76
82,83,315,106,3,4.5,3.5,8.42,0,0.72
83,84,317,107,2,3.5,3.0,8.28,0,0.66
84,85,314,108,3,4.5,3.5,8.14,0,0.64
85,86,318,106,2,4.0,4.0,7.92,1,0.64
86,87,299,97,3,5.0,3.5,7.66,0,0.38
87,88,298,98,2,4.0,3.0,8.03,0,0.34
88,89,301,97,2,3.0,3.0,7.88,1,0.44
89,90,303,99,3,2.0,2.5,7.66,0,0.36
90,91,304,100,4,1.5,2.5,7.84,0,0.42
91,92,306,100,2,3.0,3.0,8.0,0,0.48
92,93,331,120,3,4.0,4.0,8.96,1,0.86
93,94,332,119,4,5.0,4.5,9.24,1,0.9
94,95,323,113,3,4.0,4.0,8.88,1,0.79
95,96,322,107,3,3.5,3.5,8.46,1,0.71
96,97,312,105,2,2.5,3.0,8.12,0,0.64
97,98,314,106,2,4.0,3.5,8.25,0,0.62
98,99,317,104,2,4.5,4.0,8.47,0,0.57
99,100,326,112,3,3.5,3.0,9.05,1,0.74
100,101,316,110,3,4.0,4.5,8.78,1,0.69
101,102,329,111,4,4.5,4.5,9.18,1,0.87
102,103,338,117,4,3.5,4.5,9.46,1,0.91
103,104,331,116,5,5.0,5.0,9.38,1,0.93
104,105,304,103,5,5.0,4.0,8.64,0,0.68
105,106,305,108,5,3.0,3.0,8.48,0,0.61
106,107,321,109,4,4.0,4.0,8.68,1,0.69
107,108,301,107,3,3.5,3.5,8.34,1,0.62
108,109,320,110,2,4.0,3.5,8.56,0,0.72
109,110,311,105,3,3.5,3.0,8.45,1,0.59
110,111,310,106,4,4.5,4.5,9.04,1,0.66
111,112,299,102,3,4.0,3.5,8.62,0,0.56
112,113,290,104,4,2.0,2.5,7.46,0,0.45
113,114,296,99,2,3.0,3.5,7.28,0,0.47
114,115,327,104,5,3.0,3.5,8.84,1,0.71
115,116,335,117,5,5.0,5.0,9.56,1,0.94
116,117,334,119,5,4.5,4.5,9.48,1,0.94
117,118,310,106,4,1.5,2.5,8.36,0,0.57
118,119,308,108,3,3.5,3.5,8.22,0,0.61
119,120,301,106,4,2.5,3.0,8.47,0,0.57
120,121,300,100,3,2.0,3.0,8.66,1,0.64
121,122,323,113,3,4.0,3.0,9.32,1,0.85
122,123,319,112,3,2.5,2.0,8.71,1,0.78
123,124,326,112,3,3.5,3.0,9.1,1,0.84
124,125,333,118,5,5.0,5.0,9.35,1,0.92
125,126,339,114,5,4.0,4.5,9.76,1,0.96
126,127,303,105,5,5.0,4.5,8.65,0,0.77
127,128,323,112,5,4.0,4.5,8.78,0,0.79
128,129,333,113,5,4.0,4.0,9.28,1,0.89
129,130,314,109,4,3.5,4.0,8.77,1,0.82
130,131,316,100,2,1.5,3.0,8.16,1,0.71
131,132,326,116,2,4.5,3.0,9.08,1,0.8
132,133,318,109,1,3.5,3.5,9.12,0,0.78
133,134,329,110,2,4.0,3.0,9.15,1,0.84
134,135,332,118,2,4.5,3.5,9.36,1,0.9
135,136,331,115,5,4.0,3.5,9.44,1,0.92
136,137,340,120,4,4.5,4.0,9.92,1,0.97
137,138,325,112,2,3.0,3.5,8.96,1,0.8
138,139,320,113,2,2.0,2.5,8.64,1,0.81
139,140,315,105,3,2.0,2.5,8.48,0,0.75
140,141,326,114,3,3.0,3.0,9.11,1,0.83
141,142,339,116,4,4.0,3.5,9.8,1,0.96
142,143,311,106,2,3.5,3.0,8.26,1,0.79
143,144,334,114,4,4.0,4.0,9.43,1,0.93
144,145,332,116,5,5.0,5.0,9.28,1,0.94
145,146,321,112,5,5.0,5.0,9.06,1,0.86
146,147,324,105,3,3.0,4.0,8.75,0,0.79
147,148,326,108,3,3.0,3.5,8.89,0,0.8
148,149,312,109,3,3.0,3.0,8.69,0,0.77
149,150,315,105,3,2.0,2.5,8.34,0,0.7
150,151,309,104,2,2.0,2.5,8.26,0,0.65
151,152,306,106,2,2.0,2.5,8.14,0,0.61
152,153,297,100,1,1.5,2.0,7.9,0,0.52
153,154,315,103,1,1.5,2.0,7.86,0,0.57
154,155,298,99,1,1.5,3.0,7.46,0,0.53
155,156,318,109,3,3.0,3.0,8.5,0,0.67
156,157,317,105,3,3.5,3.0,8.56,0,0.68
157,158,329,111,4,4.5,4.0,9.01,1,0.81
158,159,322,110,5,4.5,4.0,8.97,0,0.78
159,160,302,102,3,3.5,5.0,8.33,0,0.65
160,161,313,102,3,2.0,3.0,8.27,0,0.64
161,162,293,97,2,2.0,4.0,7.8,1,0.64
162,163,311,99,2,2.5,3.0,7.98,0,0.65
163,164,312,101,2,2.5,3.5,8.04,1,0.68
164,165,334,117,5,4.0,4.5,9.07,1,0.89
165,166,322,110,4,4.0,5.0,9.13,1,0.86
166,167,323,113,4,4.0,4.5,9.23,1,0.89
167,168,321,111,4,4.0,4.0,8.97,1,0.87
168,169,320,111,4,4.5,3.5,8.87,1,0.85
169,170,329,119,4,4.5,4.5,9.16,1,0.9
170,171,319,110,3,3.5,3.5,9.04,0,0.82
171,172,309,108,3,2.5,3.0,8.12,0,0.72
172,173,307,102,3,3.0,3.0,8.27,0,0.73
173,174,300,104,3,3.5,3.0,8.16,0,0.71
174,175,305,107,2,2.5,2.5,8.42,0,0.71
175,176,299,100,2,3.0,3.5,7.88,0,0.68
176,177,314,110,3,4.0,4.0,8.8,0,0.75
177,178,327,113,4,4.5,4.5,9.11,1,0.89
178,179,317,107,3,3.5,3.0,8.68,1,0.84
179,180,335,118,5,4.5,3.5,9.44,1,0.93
180,181,331,115,5,4.5,3.5,9.36,1,0.93
181,182,324,111,5,4.5,4.0,9.16,1,0.9
182,183,323,110,5,4.0,5.0,8.98,1,0.87
183,184,322,114,5,4.5,4.0,8.94,1,0.86
184,185,336,118,5,4.5,5.0,9.53,1,0.94
185,186,316,109,3,3.5,3.0,8.76,0,0.77
186,187,307,107,2,3.0,3.5,8.52,1,0.78
187,188,306,105,2,3.0,2.5,8.26,0,0.73
188,189,310,106,2,3.5,2.5,8.33,0,0.73
189,190,313,107,3,4.0,4.5,8.69,0,0.72
190,191,317,103,3,2.5,3.0,8.54,1,0.73
191,192,315,110,2,3.5,3.0,8.46,1,0.72
192,193,340,120,5,4.5,4.5,9.91,1,0.97
193,194,334,120,5,4.0,5.0,9.87,1,0.97
194,195,298,105,3,3.5,4.0,8.54,0,0.69
195,196,295,99,2,2.5,3.0,7.65,0,0.57
196,197,315,99,2,3.5,3.0,7.89,0,0.63
197,198,310,102,3,3.5,4.0,8.02,1,0.66
198,199,305,106,2,3.0,3.0,8.16,0,0.64
199,200,301,104,3,3.5,4.0,8.12,1,0.68
200,201,325,108,4,4.5,4.0,9.06,1,0.79
201,202,328,110,4,5.0,4.0,9.14,1,0.82
202,203,338,120,4,5.0,5.0,9.66,1,0.95
203,204,333,119,5,5.0,4.5,9.78,1,0.96
204,205,331,117,4,4.5,5.0,9.42,1,0.94
205,206,330,116,5,5.0,4.5,9.36,1,0.93
206,207,322,112,4,4.5,4.5,9.26,1,0.91
207,208,321,109,4,4.0,4.0,9.13,1,0.85
208,209,324,110,4,3.0,3.5,8.97,1,0.84
209,210,312,104,3,3.5,3.5,8.42,0,0.74
210,211,313,103,3,4.0,4.0,8.75,0,0.76
211,212,316,110,3,3.5,4.0,8.56,0,0.75
212,213,308,109,2,3.0,4.0,8.45,0,0.71
213,214,305,105,2,3.0,2.0,8.23,0,0.67
214,215,296,99,2,2.5,2.5,8.03,0,0.61
215,216,306,110,2,3.5,4.0,8.45,0,0.63
216,217,318,112,3,4.0,3.5,8.67,0,0.71
217,218,324,111,4,3.0,3.0,9.01,1,0.82
218,219,313,104,3,4.0,4.5,8.65,0,0.73
219,220,319,106,3,3.5,2.5,8.33,1,0.74
220,221,312,107,2,2.5,3.5,8.27,0,0.69
221,222,304,100,2,2.5,3.5,8.07,0,0.64
222,223,330,113,5,5.0,4.0,9.31,1,0.91
223,224,326,111,5,4.5,4.0,9.23,1,0.88
224,225,325,112,4,4.0,4.5,9.17,1,0.85
225,226,329,114,5,4.5,5.0,9.19,1,0.86
226,227,310,104,3,2.0,3.5,8.37,0,0.7
227,228,299,100,1,1.5,2.0,7.89,0,0.59
228,229,296,101,1,2.5,3.0,7.68,0,0.6
229,230,317,103,2,2.5,2.0,8.15,0,0.65
230,231,324,115,3,3.5,3.0,8.76,1,0.7
231,232,325,114,3,3.5,3.0,9.04,1,0.76
232,233,314,107,2,2.5,4.0,8.56,0,0.63
233,234,328,110,4,4.0,2.5,9.02,1,0.81
234,235,316,105,3,3.0,3.5,8.73,0,0.72
235,236,311,104,2,2.5,3.5,8.48,0,0.71
236,237,324,110,3,3.5,4.0,8.87,1,0.8
237,238,321,111,3,3.5,4.0,8.83,1,0.77
238,239,320,104,3,3.0,2.5,8.57,1,0.74
239,240,316,99,2,2.5,3.0,9.0,0,0.7
240,241,318,100,2,2.5,3.5,8.54,1,0.71
241,242,335,115,4,4.5,4.5,9.68,1,0.93
242,243,321,114,4,4.0,5.0,9.12,0,0.85
243,244,307,110,4,4.0,4.5,8.37,0,0.79
244,245,309,99,3,4.0,4.0,8.56,0,0.76
245,246,324,100,3,4.0,5.0,8.64,1,0.78
246,247,331,119,4,5.0,4.5,9.34,1,0.9
247,248,327,108,5,5.0,3.5,9.13,1,0.87
248,249,312,104,3,3.5,4.0,8.09,0,0.71
249,250,308,103,2,2.5,4.0,8.36,1,0.7
250,251,324,111,3,2.5,1.5,8.79,1,0.7
251,252,325,110,2,3.0,2.5,8.76,1,0.75
252,253,313,102,3,2.5,2.5,8.68,0,0.71
253,254,312,105,2,2.0,2.5,8.45,0,0.72
254,255,314,107,3,3.0,3.5,8.17,1,0.73
255,256,327,113,4,4.5,5.0,9.14,0,0.83
256,257,308,108,4,4.5,5.0,8.34,0,0.77
257,258,306,105,2,2.5,3.0,8.22,1,0.72
258,259,299,96,2,1.5,2.0,7.86,0,0.54
259,260,294,95,1,1.5,1.5,7.64,0,0.49
260,261,312,99,1,1.0,1.5,8.01,1,0.52
261,262,315,100,1,2.0,2.5,7.95,0,0.58
262,263,322,110,3,3.5,3.0,8.96,1,0.78
263,264,329,113,5,5.0,4.5,9.45,1,0.89
264,265,320,101,2,2.5,3.0,8.62,0,0.7
265,266,308,103,2,3.0,3.5,8.49,0,0.66
266,267,304,102,2,3.0,4.0,8.73,0,0.67
267,268,311,102,3,4.5,4.0,8.64,1,0.68
268,269,317,110,3,4.0,4.5,9.11,1,0.8
269,270,312,106,3,4.0,3.5,8.79,1,0.81
270,271,321,111,3,2.5,3.0,8.9,1,0.8
271,272,340,112,4,5.0,4.5,9.66,1,0.94
272,273,331,116,5,4.0,4.0,9.26,1,0.93
273,274,336,118,5,4.5,4.0,9.19,1,0.92
274,275,324,114,5,5.0,4.5,9.08,1,0.89
275,276,314,104,4,5.0,5.0,9.02,0,0.82
276,277,313,109,3,4.0,3.5,9.0,0,0.79
277,278,307,105,2,2.5,3.0,7.65,0,0.58
278,279,300,102,2,1.5,2.0,7.87,0,0.56
279,280,302,99,2,1.0,2.0,7.97,0,0.56
280,281,312,98,1,3.5,3.0,8.18,1,0.64
281,282,316,101,2,2.5,2.0,8.32,1,0.61
282,283,317,100,2,3.0,2.5,8.57,0,0.68
283,284,310,107,3,3.5,3.5,8.67,0,0.76
284,285,320,120,3,4.0,4.5,9.11,0,0.86
285,286,330,114,3,4.5,4.5,9.24,1,0.9
286,287,305,112,3,3.0,3.5,8.65,0,0.71
287,288,309,106,2,2.5,2.5,8.0,0,0.62
288,289,319,108,2,2.5,3.0,8.76,0,0.66
289,290,322,105,2,3.0,3.0,8.45,1,0.65
290,291,323,107,3,3.5,3.5,8.55,1,0.73
291,292,313,106,2,2.5,2.0,8.43,0,0.62
292,293,321,109,3,3.5,3.5,8.8,1,0.74
293,294,323,110,3,4.0,3.5,9.1,1,0.79
294,295,325,112,4,4.0,4.0,9.0,1,0.8
295,296,312,108,3,3.5,3.0,8.53,0,0.69
296,297,308,110,4,3.5,3.0,8.6,0,0.7
297,298,320,104,3,3.0,3.5,8.74,1,0.76
298,299,328,108,4,4.5,4.0,9.18,1,0.84
299,300,311,107,4,4.5,4.5,9.0,1,0.78
300,301,301,100,3,3.5,3.0,8.04,0,0.67
301,302,308,104,2,2.5,3.0,8.07,0,0.65
302,303,298,101,2,1.5,2.0,7.86,0,0.54
303,304,300,99,1,1.0,2.5,8.01,0,0.58
304,305,324,111,3,2.5,2.0,8.8,1,0.79
305,306,327,113,4,3.5,3.0,8.69,1,0.8
306,307,317,106,3,4.0,3.5,8.5,1,0.75
307,308,323,104,3,4.0,4.0,8.44,1,0.73
308,309,314,107,2,2.5,4.0,8.27,0,0.72
309,310,305,102,2,2.0,2.5,8.18,0,0.62
310,311,315,104,3,3.0,2.5,8.33,0,0.67
311,312,326,116,3,3.5,4.0,9.14,1,0.81
312,313,299,100,3,2.0,2.0,8.02,0,0.63
313,314,295,101,2,2.5,2.0,7.86,0,0.69
314,315,324,112,4,4.0,3.5,8.77,1,0.8
315,316,297,96,2,2.5,1.5,7.89,0,0.43
316,317,327,113,3,3.5,3.0,8.66,1,0.8
317,318,311,105,2,3.0,2.0,8.12,1,0.73
318,319,308,106,3,3.5,2.5,8.21,1,0.75
319,320,319,108,3,3.0,3.5,8.54,1,0.71
320,321,312,107,4,4.5,4.0,8.65,1,0.73
321,322,319,110,3,3.0,2.5,8.79,0,0.72
322,323,332,118,5,5.0,5.0,9.47,1,0.94
323,324,323,108,5,4.0,4.0,8.74,1,0.81
324,325,324,107,5,3.5,4.0,8.66,1,0.81
325,326,312,107,3,3.0,3.0,8.46,1,0.75
326,327,326,110,3,3.5,3.5,8.76,1,0.79
327,328,308,106,3,3.0,3.0,8.24,0,0.58
328,329,305,103,2,2.5,3.5,8.13,0,0.59
329,330,295,96,2,1.5,2.0,7.34,0,0.47
330,331,316,98,1,1.5,2.0,7.43,0,0.49
331,332,304,97,2,1.5,2.0,7.64,0,0.47
332,333,299,94,1,1.0,1.0,7.34,0,0.42
333,334,302,99,1,2.0,2.0,7.25,0,0.57
334,335,313,101,3,2.5,3.0,8.04,0,0.62
335,336,318,107,3,3.0,3.5,8.27,1,0.74
336,337,325,110,4,3.5,4.0,8.67,1,0.73
337,338,303,100,2,3.0,3.5,8.06,1,0.64
338,339,300,102,3,3.5,2.5,8.17,0,0.63
339,340,297,98,2,2.5,3.0,7.67,0,0.59
340,341,317,106,2,2.0,3.5,8.12,0,0.73
341,342,327,109,3,3.5,4.0,8.77,1,0.79
342,343,301,104,2,3.5,3.5,7.89,1,0.68
343,344,314,105,2,2.5,2.0,7.64,0,0.7
344,345,321,107,2,2.0,1.5,8.44,0,0.81
345,346,322,110,3,4.0,5.0,8.64,1,0.85
346,347,334,116,4,4.0,3.5,9.54,1,0.93
347,348,338,115,5,4.5,5.0,9.23,1,0.91
348,349,306,103,2,2.5,3.0,8.36,0,0.69
349,350,313,102,3,3.5,4.0,8.9,1,0.77
350,351,330,114,4,4.5,3.0,9.17,1,0.86
351,352,320,104,3,3.5,4.5,8.34,1,0.74
352,353,311,98,1,1.0,2.5,7.46,0,0.57
353,354,298,92,1,2.0,2.0,7.88,0,0.51
354,355,301,98,1,2.0,3.0,8.03,1,0.67
355,356,310,103,2,2.5,2.5,8.24,0,0.72
356,357,324,110,3,3.5,3.0,9.22,1,0.89
357,358,336,119,4,4.5,4.0,9.62,1,0.95
358,359,321,109,3,3.0,3.0,8.54,1,0.79
359,360,315,105,2,2.0,2.5,7.65,0,0.39
360,361,304,101,2,2.0,2.5,7.66,0,0.38
361,362,297,96,2,2.5,2.0,7.43,0,0.34
362,363,290,100,1,1.5,2.0,7.56,0,0.47
363,364,303,98,1,2.0,2.5,7.65,0,0.56
364,365,311,99,1,2.5,3.0,8.43,1,0.71
365,366,322,104,3,3.5,4.0,8.84,1,0.78
366,367,319,105,3,3.0,3.5,8.67,1,0.73
367,368,324,110,4,4.5,4.0,9.15,1,0.82
368,369,300,100,3,3.0,3.5,8.26,0,0.62
369,370,340,113,4,5.0,5.0,9.74,1,0.96
370,371,335,117,5,5.0,5.0,9.82,1,0.96
371,372,302,101,2,2.5,3.5,7.96,0,0.46
372,373,307,105,2,2.0,3.5,8.1,0,0.53
373,374,296,97,2,1.5,2.0,7.8,0,0.49
374,375,320,108,3,3.5,4.0,8.44,1,0.76
375,376,314,102,2,2.0,2.5,8.24,0,0.64
376,377,318,106,3,2.0,3.0,8.65,0,0.71
377,378,326,112,4,4.0,3.5,9.12,1,0.84
378,379,317,104,2,3.0,3.0,8.76,0,0.77
379,380,329,111,4,4.5,4.0,9.23,1,0.89
380,381,324,110,3,3.5,3.5,9.04,1,0.82
381,382,325,107,3,3.0,3.5,9.11,1,0.84
382,383,330,116,4,5.0,4.5,9.45,1,0.91
383,384,312,103,3,3.5,4.0,8.78,0,0.67
384,385,333,117,4,5.0,4.0,9.66,1,0.95
